logKd : -11.424 ; -8.336
logK_S_M : -11.995 ; -10.155
logK_S_D : -19.402 ; -13.468
logK_S_DS : -7.321 ; -0.030
alpha:ESI:0 : 0.636 ; 0.844
alpha:ESI:1 : 0.792 ; 1.166
alpha:ESI:2 : 0.794 ; 1.023
alpha:ESI:3 : 0.854 ; 1.171
kcat_DS : 0.282 ; 4.982
kcat_DSS : 0.001 ; 4.995
dE:100 : 29.051 ; 78.151
dE:50 : 25.432 ; 68.521
dE:25 : 17.343 ; 48.247

Broader prior:
logKd : -11.854 ; -7.649
logK_S_M : -13.352 ; -0.002
logK_S_D : -20.578 ; -13.030
logK_S_DS : -17.500 ; -0.000
alpha:ESI:0 : 0.053 ; 1.509
alpha:ESI:1 : 0.063 ; 1.994
alpha:ESI:2 : 0.062 ; 1.797
alpha:ESI:3 : 0.063 ; 1.991
kcat_DS : 0.087 ; 4.999
kcat_DSS : 0.000 ; 5.000
dE:100 : 17.798 ; 194.031
dE:50 : 15.317 ; 171.789
dE:25 : 10.403 ; 117.891

 logK_I_M:1
[-17.05,-12.95,-13.93,-16.91,-13.02,-17.46,-13.09,-12.01,-13.86,-14.55,
 -14.05,-12.57,-16.29]
[-0.02,-0.01,-0.  ,-0.02,-0.  ,-0.26,-0.01,-0.01,-0.  ,-0.01,-0.04,-0.  ,
 -0.03]

 logK_I_D:1
[-23.79,-18.92,-19.79,-22.71,-20.25,-24.02,-24.  ,-18.96,-20.24,-20.94,
 -20.31,-18.32,-22.48]
[ -3.44, -3.63, -5.92, -9.38, -4.47, -3.71,-10.16, -3.05, -6.63, -6.55,
  -5.89, -4.05, -2.97]

 logK_I_DI:1
[-27.63,-27.63,-27.63,-27.63,-27.63,-27.63,-27.63,-27.63,-27.63,-27.63,
 -27.62,-27.63,-27.63]
[ -0.03,-14.64,-16.11, -1.5 ,-14.84, -0.05,-16.81,-15.35,-16.12,-15.95,
 -15.69,-15.38, -0.09]

 logK_S_DI:1
[-27.61,-26.74,-24.66,-23.69,-26.53,-27.63,-23.48,-26.68,-24.67,-25.1 ,
 -25.51,-26.37,-27.6 ]
[ -9.45,-11.25,-11.45,-11.63,-11.31,-10.22,-12.56,-11.75,-11.72,-11.34,
 -11.38,-11.27,-10.42]

 kcat_DSI:1
[0.53,0.43,0.77,0.57,0.46,0.41,0.62,0.54,0.72,0.64,0.71,0.73,0.26]
[20.  ,19.99,20.  ,19.99,20.  ,19.99,19.97,20.  ,19.99,20.  ,19.99,20.  ,
 19.99]
